1.0
overview;29;256692;825155;8450;9;1;30378;32238;55;28;253;15;22;
bloons;5305;4997;5007;5043;5115;1321;1297;0;1352;725;199;17;0;0;80;80;80;80;80;0;0;0;0;0;0;1460;1476;1474;1477;1505;421;397;0;442;269;0;0;0;0;0;0;0;0;0;0;0;0;
super monkey fan club;1;2;
blade maelstrom;3;3;
turbo charge;2;2;
supply drop;1;3;995;
rocket storm;2;2;
spike storm;2;3;
summon phoenix;3;3;
sabotage supply lines;1;4;
dart monkey;6;1037;4;25;4;4;2;2;5;4;2;2;
super monkey fan;0;391;0;0;0;0;0;0;0;0;0;0;
tack shooter;7;2264;3;26;3;3;2;2;5;5;3;3;
sniper;6;2187;4;29;4;4;2;2;6;5;3;3;
boomerang thrower;7;1488;5;35;7;7;5;3;5;4;2;2;
ninja monkey;9;1168;5;38;7;4;2;2;9;6;4;4;
wizard monkey;6;1284;3;30;5;5;2;2;5;5;3;3;
phoenix;0;223;0;0;0;0;0;0;0;0;0;0;
dartling gun;9;15261;2;42;8;8;6;6;5;5;2;2;
spike factory;5;7549;2;28;4;4;2;2;5;5;3;3;
